7 0.43217144139876973 0.8776003635776177 0.03789998933799978 0.03459316861791066
5 0.43139928206554246 0.878377068398078 0.04763861600890866 0.06589771077238851
5 0.864974850731997 0.8581953368430382 0.04158861067790838 0.08304884933607007
9 0.5585794000636335 0.8439136264634332 0.026889764003817974 0.02827953610435365
8 0.890625 0.8484375 0.21875 0.303125
5 0.2296875 0.1796875 0.284375 0.359375
4 0.76484375 0.425 0.4703125 0.26875
1 0.76484375 0.21796875 0.4703125 0.2765625
4 0.1859375 0.03203125 0.146875 0.0640625
8 0.26484375 0.83046875 0.5296875 0.3390625
5 0.76484375 0.2796875 0.4703125 0.559375