4 0.77890625 0.8078125 0.3078125 0.384375
2 0.42265625 0.5902313646165023 0.0828125 0.06033861067790856
5 0.43125 0.6440376172820024 0.1078125 0.17469201201463563
3 0.459375 0.6780853532781844 0.04375 0.044259077339272326
5 0.57734375 0.7953125 0.4515625 0.409375
4 0.26328125 0.6341813592855022 0.0921875 0.18857269867918128
1 0.3859375 0.88359375 0.1125 0.1234375
5 0.2671875 0.7203125 0.125 0.559375
3 0.55546875 0.9121234512651395 0.075 0.07743520401018138
5 0.73359375 0.01328125 0.0390625 0.0265625
5 0.44921875 0.8140625 0.2390625 0.371875
0 0.26953125 0.4786398839513204 0.0609375 0.0725840720082724
2 0.55078125 0.7184279952657758 0.1796875 0.1411533533577261
5 0.80078125 0.71484375 0.3984375 0.5703125
2 0.6890625 0.4984375 0.153125 0.1375
8 0.16484375 0.16484375 0.3296875 0.3296875
2 0.39375 0.7054114692870931 0.128125 0.13742836935072641
1 0.70234375 0.6635394059118677 0.1421875 0.1797795013526356