7 0.31953125 0.39135422855668694 0.0234375 0.029960220003181704
7 0.13046875 0.5193354199156858 0.0359375 0.06448067067154498
5 0.30859375 0.392262747891505 0.0484375 0.07868862133990877
2 0.728125 0.08828125 0.240625 0.1765625
2 0.203125 0.5153649879058225 0.0140625 0.01266363200190881
5 0.32890625 0.5875 0.0578125 0.084375
7 0.33203125 0.59765625 0.0390625 0.0640625
7 0.20859375 0.5653013532384135 0.0421875 0.07392839600572713
2 0.321875 0.3624207065563687 0.0125 0.011082950668363623
5 0.71953125 0.81484375 0.5609375 0.3703125
4 0.71953125 0.9578125 0.5609375 0.084375
8 0.21953125 0.2890625 0.4390625 0.578125
3 0.2015625 0.5333519192393681 0.009375 0.00948408800127254
2 0.13359375 0.4700803072485947 0.0140625 0.017351132001908808
8 0.26328125 0.81484375 0.3515625 0.3703125
0 0.3484375 0.5597678738860961 0.0140625 0.01578863200190881
1 0.5421875 0.8421875 0.20625 0.315625
5 0.35625 0.7261024932368226 0.0546875 0.09438634667409058
5 0.2 0.56796875 0.071875 0.1234375
1 0.70234375 0.36546662726768486 0.2 0.21482721069381688
5 0.71953125 0.31484375 0.5609375 0.6296875
8 0.1375 0.71328125 0.275 0.1671875
4 0.67734375 0.5015625 0.4640625 0.25625
5 0.12265625 0.542082576583413 0.0609375 0.16633407200827222
3 0.13359375 0.48492405724859466 0.009375 0.00792158800127254